Open,High,Low,Close,Adj Close,Volume,Daily Return,High-Low Range,Close-Open Change,Relative High,Relative Low,Volume Change,Moving Average,Volatility,Volume MA,Log Returns
1.2690677642822266,1.2692127227783203,1.2686330080032349,1.2691805362701416,1.2691805362701416,0,3.804010610664044e-05,0.0005797147750854492,0.00011277198791503906,0.00011422439382166265,-0.00034257924693059514,0.0,1.2691805362701416,0.0,0.0,3.803938260015225e-05
1.269309401512146,1.2694060802459717,1.268842339515686,1.2692288160324097,1.2692288160324097,0,3.804010610664044e-05,0.0005637407302856445,-8.058547973632812e-05,7.616640490530432e-05,-0.00036796544318000283,0.0,1.2692046761512756,2.4139881134033203e-05,0.0,3.803938260015225e-05
1.2692770957946777,1.269422173500061,1.2690194845199585,1.2690194845199585,1.2690194845199585,0,-0.00016492811210000458,0.00040268898010253906,-0.0002576112747192383,0.00011429947476714652,-0.00020295905092177784,0.0,1.2691429456075032,8.949753800881678e-05,0.0,-0.00016494171423668872
1.2689228057861328,1.2694865465164185,1.2689228057861328,1.2693254947662354,1.2693254947662354,0,0.00024113912355927525,0.0005637407302856445,0.00040268898010253906,0.0004442671592905855,0.0,0.0,1.2691912651062012,0.00012771875808701303,0.0,0.00024111005419390007
1.2693254947662354,1.2693899869918823,1.2688262462615967,1.269083857536316,1.269083857536316,0,-0.0001903666403264559,0.0005637407302856445,-0.0002416372299194336,5.0808264635738553e-05,-0.00039331795248516275,0.0,1.2691429456075032,0.00013172981900863877,0.0,-0.00019038476235525345
1.2691160440444946,1.2691160440444946,1.2683112621307373,1.2685847282409668,1.2685847282409668,0,-0.000393298908015538,0.0008047819137573242,-0.000531315803527832,0.0,-0.0006341279172490778,0.0,1.2689980268478394,0.0003084465826826175,0.0,-0.00039337627031606497
1.268617033958435,1.269132137298584,1.2685203552246094,1.269083857536316,1.269083857536316,0,0.0003934536529075494,0.0006117820739746094,0.0004668235778808594,0.0004060353332492007,-7.62079739099981e-05,0.0,1.268917481104533,0.00023529180628679706,0.0,0.0003933762703160331
1.2690355777740479,1.269132137298584,1.2684882879257202,1.2684882879257202,1.2684882879257202,0,-0.0004692909826714553,0.0006438493728637695,-0.0005472898483276367,7.608890264960347e-05,-0.00043126438526460434,0.0,1.268718957901001,0.00026100956750145206,0.0,-0.00046940113414807485
1.2684237957000732,1.268729567527771,1.2682147026062012,1.2682629823684692,1.2682629823684692,0,-0.0001776173728962327,0.0005148649215698242,-0.0001608133316040039,0.00024106440507842348,-0.0001648448212505087,0.0,1.2686117092768352,0.00034629816895282096,0.0,-0.00017763314872987904
1.268391728401184,1.2685203552246094,1.2675877809524536,1.2678288221359253,1.2678288221359253,0,-0.0003423266614098752,0.0009325742721557617,-0.0005629062652587891,0.00010140938366684865,-0.0006338321440678659,0.0,1.2681933641433716,0.0002736893676254294,0.0,-0.00034238526855700553
1.2680860757827759,1.2681021690368652,1.2672985792160034,1.267603874206543,1.267603874206543,0,-0.000177427682235054,0.0008035898208618164,-0.00048220157623291016,1.2690979261341764e-05,-0.0006210119185216569,0.0,1.2678985595703125,0.0002735609311721724,0.0,-0.0001774434243883557
1.2681021690368652,1.2682147026062012,1.2672343254089355,1.2674914598464966,1.2674914598464966,0,-8.868256269467523e-05,0.000980377197265625,-0.0006107091903686523,8.874172135625928e-05,-0.0006843641223236945,0.0,1.2676413853963215,0.000140258441459886,0.0,-8.868649522563795e-05
1.2676360607147217,1.2687939405441284,1.2673468589782715,1.268617033958435,1.268617033958435,0,0.000888032896154467,0.0014470815658569336,0.000980973243713379,0.0009134166069351953,-0.0002281425603237706,0.0,1.2679041226704915,0.0005061891118572118,0.0,0.0008876388282217428
1.26850426197052,1.2689712047576904,1.2682629823684692,1.2685847282409668,1.2685847282409668,0,-2.5465303242433457e-05,0.0007082223892211914,8.046627044677734e-05,0.00036810502035290906,-0.00019020795537255244,0.0,1.2682310740152996,0.0005231524658999791,0.0,-2.5465627488772772e-05
1.2685847282409668,1.2686975002288818,1.267861008644104,1.267861008644104,1.267861008644104,0,-0.0005704937011706823,0.000836491584777832,-0.000723719596862793,8.889590533807695e-05,-0.000570493701170682,0.0,1.2683542569478352,0.0003490284913829768,0.0,-0.0005706564946202561
1.2678288221359253,1.268295168876648,1.2675557136535645,1.268134355545044,1.268134355545044,0,0.00021559689830064066,0.0007394552230834961,0.00030553340911865234,0.0003678309978290261,-0.0002154143190251275,0.0,1.2681933641433716,0.0002983890354645874,0.0,0.00021557366062928215
1.26797354221344,1.2692770957946777,1.26797354221344,1.2690677642822266,1.2690677642822266,0,0.0007360487736187693,0.001303553581237793,0.001094222068786621,0.001028060553189653,0.0,0.0,1.2683543761571248,0.000516637587250804,0.0,0.0007357780225693691
1.2689712047576904,1.2704542875289917,1.2688745260238647,1.2698897123336792,1.2698897123336792,0,0.0006476786146385471,0.0015797615051269531,0.0009185075759887695,0.0011687284673921846,-7.618670420826796e-05,0.0,1.2690306107203166,0.0007171028072384563,0.0,0.0006474689613650273
1.273414969444275,1.273414969444275,1.271569013595581,1.273236632347107,1.273236632347107,0,0.00263559896652521,0.0018459558486938477,-0.00017833709716796875,0.0,-0.0014496106084722976,0.0,1.2707313696543376,0.001802989280733161,0.0,0.002632131866157022
1.2732852697372437,1.2732852697372437,1.2707933187484741,1.2710679769515991,1.2710679769515991,0,-0.0017032618606881433,0.0024919509887695312,-0.0022172927856445312,0.0,-0.0019571034457060614,0.0,1.2713981072107952,0.0013861716789051546,0.0,-0.0017047140603896917
1.2711971998214722,1.2719732522964478,1.2709225416183472,1.2711488008499146,1.2711488008499146,0,6.358739247702694e-05,0.001050710678100586,-4.839897155761719e-05,0.0006104894465505236,-0.00021606262440129132,0.0,1.2718178033828735,0.0010038060396793417,0.0,6.358537088448401e-05
1.271164894104004,1.271164894104004,1.270405888557434,1.2705188989639282,1.2705188989639282,0,-0.0004955374898399922,0.0007590055465698242,-0.0006459951400756836,0.0,-0.0005970944840360924,0.0,1.2709118922551472,0.0002798403364322255,0.0,-0.0004956603091179578
1.2705188989639282,1.2709225416183472,1.2701154947280884,1.27029287815094,1.27029287815094,0,-0.000177896458818938,0.0008070468902587891,-0.00022602081298828125,0.0003176990556756805,-0.00031751140118325543,0.0,1.270653525988261,0.0003621640911844022,0.0,-0.00017791228427085722
1.2702605724334717,1.2707449197769165,1.26966392993927,1.2705835103988647,1.2705835103988647,0,0.00022879152746879683,0.0010809898376464844,0.0003229379653930664,0.00038129762818422936,-0.0004697008685852985,0.0,1.270465095837911,0.00012460031610459684,0.0,0.00022876535867866497
1.2706319093704224,1.270809531211853,1.2703735828399658,1.2705835103988647,1.2705835103988647,0,0.0,0.00043594837188720703,-4.839897155761719e-05,0.00013979016276922623,-0.00020330555887309614,0.0,1.2704866329828899,0.00013700535555859114,0.0,0.0
1.2705835103988647,1.2707288265228271,1.2702767848968506,1.270599603652954,1.270599603652954,0,1.2666034115538238e-05,0.0004520416259765625,1.609325408935547e-05,0.00011436959693958593,-0.00024140522799471253,0.0,1.2705888748168945,7.586432716648454e-06,0.0,1.2665953902005455e-05
1.2704704999923706,1.270809531211853,1.2703897953033447,1.2703897953033447,1.2703897953033447,0,-0.00016512546439195752,0.0004197359085083008,-8.07046890258789e-05,0.0002668548537604437,-6.352346554002124e-05,0.0,1.270524303118388,9.533803870863249e-05,0.0,-0.00016513909910243212
1.2704219818115234,1.2704542875289917,1.2695027589797974,1.269728422164917,1.269728422164917,0,-0.0005206064633649365,0.0009515285491943359,-0.0006935596466064453,2.5429123496585178e-05,-0.0007235570896020971,0.0,1.270239273707072,0.0003712428311161572,0.0,-0.0005207420259616697
1.269776701927185,1.269841194152832,1.2690677642822266,1.269309401512146,1.269309401512146,0,-0.00033000809106609186,0.0007734298706054688,-0.0004673004150390625,5.0790210238611656e-05,-0.0005583167842680656,0.0,1.2698092063268025,0.00044475255039444196,0.0,-0.0003300625557190234
1.2693415880203247,1.270147681236267,1.269293189048767,1.2700347900390625,1.2700347900390625,0,0.0005714828284202333,0.0008544921875,0.000693202018737793,0.0006350482987007242,-3.812919391784887e-05,0.0,1.2696908712387085,0.0002973266248751939,0.0,0.0005713195942960156
1.2700508832931519,1.270163893699646,1.2698734998703003,1.2700347900390625,1.2700347900390625,0,0.0,0.0002903938293457031,-1.609325408935547e-05,8.898100696651827e-05,-0.00013966639068162362,0.0,1.2697929938634236,0.00034195143091805943,0.0,0.0
1.2700024843215942,1.27029287815094,1.2698897123336792,1.2702445983886719,1.2702445983886719,0,0.000165198899474861,0.0004031658172607422,0.00024211406707763672,0.00022865611125227425,-8.879666717760732e-05,0.0,1.2701047261555989,9.890460450454904e-05,0.0,0.00016518525563927753
1.2703090906143188,1.2706964015960693,1.2702767848968506,1.2704381942749023,1.2704381942749023,0,0.00015240835227792182,0.00041961669921875,0.0001291036605834961,0.00030489507208295697,-2.5431383359335593e-05,0.0,1.2702391942342122,0.00016473341704536525,0.0,0.0001523967393049275
1.270405888557434,1.2707610130310059,1.2703735828399658,1.270551085472107,1.270551085472107,0,8.886004664643288e-05,0.00038743019104003906,0.00014519691467285156,0.0002795362307199526,-2.54294456277634e-05,0.0,1.2704112927118938,0.0001265605353103924,0.0,8.885609882635513e-05
1.2705351114273071,1.2715365886688232,1.2704381942749023,1.2710356712341309,1.2710356712341309,0,0.00038139809376014355,0.0010983943939208984,0.0005005598068237305,0.0007882326371847081,-7.628057779206853e-05,0.0,1.2706749836603801,0.00025917529459800734,0.0,0.0003813253799951883
1.2711488008499146,1.2725075483322144,1.2711325883865356,1.2725075483322144,1.2725075483322144,0,0.001158013997085039,0.001374959945678711,0.0013587474822998047,0.0010689130032544734,-1.2754182176049166e-05,0.0,1.2713647683461506,0.0008319316528816232,0.0,0.0011573440160580386
1.2726856470108032,1.273123025894165,1.2721513509750366,1.2730907201766968,1.2730907201766968,0,0.000458285567929817,0.000971674919128418,0.0004050731658935547,0.000343666076842386,-0.000419817758628393,0.0,1.2722113132476807,0.0008647246028135664,0.0,0.00045818058717181685
1.2729610204696655,1.2729934453964233,1.2716660499572754,1.2722160816192627,1.2722160816192627,0,-0.0006870198200115141,0.0013273954391479492,-0.000744938850402832,2.5472049997139078e-05,-0.0010172899967607419,0.0,1.2726047833760579,0.00036362906177477347,0.0,-0.0006872559262740398
1.2722645998001099,1.2727018594741821,1.2721513509750366,1.272410273551941,1.272410273551941,0,0.0001526406838303629,0.0005505084991455078,0.0001456737518310547,0.0003436861122607397,-8.901357869348493e-05,0.0,1.2725723584493,0.00037501269934168984,0.0,0.0001526290354265146
1.2725560665130615,1.2729934453964233,1.2707610130310059,1.2708903551101685,1.2708903551101685,0,-0.0011945191526390175,0.0022324323654174805,-0.0016657114028930664,0.00034370107130940084,-0.0014105889157200757,0.0,1.271838903427124,0.0006753939881671455,0.0,-0.0011952331592950814
1.2710517644882202,1.2726370096206665,1.2710517644882202,1.2724589109420776,1.2724589109420776,0,0.001234218062637904,0.001585245132446289,0.0014071464538574219,0.0012471916382450219,0.0,0.0,1.271919846534729,0.0007282311189278375,0.0,0.0012334570416377153
1.2725075483322144,1.272799015045166,1.271795392036438,1.2725075483322144,1.2725075483322144,0,3.822315181922775e-05,0.0010036230087280273,0.0,0.00022904910335004689,-0.0005596479932160246,0.0,1.2719522714614868,0.0007511507402324028,0.0,3.8222421333174514e-05
1.2721836566925049,1.2747784852981567,1.2719248533248901,1.274632215499878,1.274632215499878,0,0.0016696695987761245,0.0028536319732666016,0.002448558807373047,0.002039665100240352,-0.00020343239457076327,0.0,1.2731995582580566,0.001013236227256275,0.0,0.0016682772501176182
1.274128794670105,1.276145100593567,1.2739503383636475,1.2756567001342773,1.2756567001342773,0,0.0008037492085493092,0.0021947622299194336,0.0015279054641723633,0.0015824977285628116,-0.00014006143429458017,0.0,1.2742654879887898,0.001311527371337347,0.0,0.0008034263751273442
1.2756240367889404,1.27611243724823,1.274015188217163,1.2744535207748413,1.2744535207748413,0,-0.000943184290341903,0.0020972490310668945,-0.001170516014099121,0.0003828717907503334,-0.0012612247224716865,0.0,1.2749141454696655,0.0005301091231318687,0.0,-0.0009436293685271862
1.274518609046936,1.27538001537323,1.2744048833847046,1.2748109102249146,1.2748109102249146,0,0.00028042564459784813,0.0009751319885253906,0.0002923011779785156,0.0006758679866887866,-8.923028775271276e-05,0.0,1.274973710378011,0.0005045050776945059,0.0,0.00028038633267598304
1.2746973037719727,1.2746973037719727,1.2737555503845215,1.274031400680542,1.274031400680542,0,-0.0006114707193987101,0.0009417533874511719,-0.0006659030914306641,0.0,-0.0007388055067382803,0.0,1.2744319438934326,0.0003185989681928567,0.0,-0.0006116577438629264
1.274015188217163,1.2741451263427734,1.2733986377716064,1.2739177942276,1.2739177942276,0,-8.917084216386595e-05,0.0007464885711669922,-9.739398956298828e-05,0.00010199103339747851,-0.00048394277498326507,0.0,1.2742533683776855,0.0003969603591426685,0.0,-8.917481811977337e-05
1.274047613143921,1.274047613143921,1.2726694345474243,1.2731716632843018,1.2731716632843018,0,-0.0005856978736612506,0.001378178596496582,-0.0008759498596191406,0.0,-0.0010817324111582463,0.0,1.2737069527308147,0.0003813377332483007,0.0,-0.0005858694616632794
1.2729610204696655,1.273560881614685,1.2729610204696655,1.2732852697372437,1.2732852697372437,0,8.923105675218146e-05,0.0005998611450195312,0.000324249267578125,0.0004712329249470729,0.0,0.0,1.2734582424163818,0.0003282453421176538,0.0,8.922707589824567e-05
1.27304208278656,1.2735122442245483,1.2729123830795288,1.2735122442245483,1.2735122442245483,0,0.00017825894377265783,0.0005998611450195312,0.00047016143798828125,0.0003693212065379218,-0.00010188171214839221,0.0,1.2733230590820312,0.0001415859459817569,0.0,0.0001782430575350216
1.273658275604248,1.2740801572799683,1.2733986377716064,1.273836612701416,1.273836612701416,0,0.0002547038541158564,0.0006815195083618164,0.00017833709716796875,0.000331236159495031,-0.00020385203599326859,0.0,1.273544708887736,0.00022625241332399396,0.0,0.0002546714225960442
1.2738691568374634,1.2738691568374634,1.2729123830795288,1.2730907201766968,1.2730907201766968,0,-0.0005855480344040265,0.0009567737579345703,-0.0007784366607666016,0.0,-0.0007510769475806123,0.0,1.2734798590342205,0.00030536919187800605,0.0,-0.0005857195346053286
1.2729934453964233,1.273220419883728,1.2724913358688354,1.27304208278656,1.27304208278656,0,-3.820418244038226e-05,0.0007290840148925781,4.863739013671875e-05,0.00017829980831834158,-0.00039443213898994467,0.0,1.2733231385548909,0.00036362359044479233,0.0,-3.8204912238747854e-05
1.27304208278656,1.273577094078064,1.2728151082992554,1.273414969444275,1.273414969444275,0,0.00029290992242669844,0.0007619857788085938,0.00037288665771484375,0.0004202620626121179,-0.00017829299625968638,0.0,1.2731825908025105,0.00016551188032055405,0.0,0.0002928670326903856
1.273414969444275,1.274047613143921,1.2733986377716064,1.274015188217163,1.274015188217163,0,0.0004713457806688748,0.0006489753723144531,0.0006002187728881836,0.0004968087503495307,-1.2825098699432016e-05,0.0,1.2734907468159993,0.00040086589803929476,0.0,0.00047123473213986437
1.274031400680542,1.2740801572799683,1.2733501195907593,1.273414969444275,1.273414969444275,0,-0.00047112371849200585,0.0007300376892089844,-0.0006164312362670898,3.82695429643457e-05,-0.0005347443472890847,0.0,1.273615042368571,0.00028294584300306085,0.0,-0.0004712347321398797
1.2733337879180908,1.274015188217163,1.2732527256011963,1.274015188217163,1.274015188217163,0,0.0004713457806688748,0.0007624626159667969,0.0006814002990722656,0.0005351309338821203,-6.366148268716617e-05,0.0,1.273815115292867,0.00028294584300306085,0.0,0.00047123473213986437
1.2741451263427734,1.2744210958480835,1.2733986377716064,1.273658275604248,1.273658275604248,0,-0.00028014784769914147,0.0010224580764770508,-0.0004868507385253906,0.000216591893344351,-0.0005858740544804863,0.0,1.2736961444218953,0.00024649703087363425,0.0,-0.00028018709643789764
1.273739218711853,1.2740962505340576,1.2732689380645752,1.273658275604248,1.273658275604248,0,0.0,0.0008273124694824219,-8.094310760498047e-05,0.000280302134816623,-0.00036921266172005934,0.0,1.2737772464752197,0.00016825021925536858,0.0,0.0
1.2737231254577637,1.2751199007034302,1.2729610204696655,1.275022268295288,1.275022268295288,0,0.0010709251587854851,0.0021588802337646484,0.001299142837524414,0.0010966082170836904,-0.0005983286107208357,0.0,1.2741129398345947,0.0006429923208821678,0.0,0.00107035212751687
1.2750060558319092,1.276014804840088,1.2749085426330566,1.2759984731674194,1.2759984731674194,0,0.0007656375079916344,0.00110626220703125,0.000992417335510254,0.000791171934881931,-7.648057701883946e-05,0.0,1.2748930056889851,0.000959743984858979,0.0,0.000765344557114729
1.2761287689208984,1.2762916088104248,1.2752825021743774,1.2754613161087036,1.2754613161087036,0,-0.00042096998547536124,0.0010091066360473633,-0.0006674528121948242,0.00012760459092546396,-0.0006631515307319683,0.0,1.2754940191904705,0.00039920429753957545,0.0,-0.0004210586182150517
1.2754288911819458,1.2758194208145142,1.2749735116958618,1.2751035690307617,1.2751035690307617,0,-0.0002804844595627465,0.0008459091186523438,-0.00032532215118408203,0.00030619475163876347,-0.0003570402781624165,0.0,1.2755211194356282,0.00036778225612920816,0.0,-0.0002805238026857029
1.2750060558319092,1.2761287689208984,1.2747948169708252,1.27524995803833,1.27524995803833,0,0.00011480558216891978,0.0013339519500732422,0.00024390220642089844,0.0008805551031337777,-0.00016567675119484539,0.0,1.2752716143925984,0.00014685024390885057,0.0,0.00011479899251241929
1.2753312587738037,1.2772045135498047,1.2751035690307617,1.276796817779541,1.276796817779541,0,0.0012129855260614164,0.0021009445190429688,0.0014655590057373047,0.001468837812226182,-0.0001785338056097752,0.0,1.275716781616211,0.0007660356914921401,0.0,0.001212250453479754
1.2768783569335938,1.2790504693984985,1.2765034437179565,1.2788867950439453,1.2788867950439453,0,0.0016368910348938392,0.002547025680541992,0.0020084381103515625,0.0017011115061273997,-0.00029361701809838496,0.0,1.2769778569539387,0.0014902409734341981,0.0,0.0016355527889399517
1.278821349143982,1.2796887159347534,1.2784454822540283,1.279361367225647,1.279361367225647,0,0.00037108224398019196,0.0012432336807250977,0.0005400180816650391,0.0006782548565928171,-0.00029391665239653,0.0,1.2783483266830444,0.0011140585254372822,0.0,0.00037101340999248056
1.279344916343689,1.2794268131256104,1.2785271406173706,1.2792466878890991,1.2792466878890991,0,-8.963795490912752e-05,0.0008996725082397461,-9.822845458984375e-05,6.401462254248376e-05,-0.0006392144259700708,0.0,1.2791649500528972,0.000202180602946452,0.0,-8.964197263070302e-05
1.2793285846710205,1.2807542085647583,1.2793285846710205,1.2805408239364624,1.2805408239364624,0,0.0010116391620280663,0.001425623893737793,0.0012122392654418945,0.0011143531934013594,0.0,0.0,1.2797162930170696,0.0005849081211803347,0.0,0.0010111277999778506
1.28037691116333,1.2807868719100952,1.28009831905365,1.280442476272583,1.280442476272583,0,-7.680166226720075e-05,0.0006885528564453125,6.556510925292969e-05,0.00032018755039299555,-0.00021758601490794725,0.0,1.2800766626993816,0.0005882526129848068,0.0,-7.68046116658777e-05
1.2805081605911255,1.281115174293518,1.2800819873809814,1.2808853387832642,1.2808853387832642,0,0.0003458667756557343,0.001033186912536621,0.0003771781921386719,0.00047404126039490466,-0.00033281569244143446,0.0,1.2806228796641033,0.00018988006332194154,0.0,0.000345806977530209
1.2809345722198486,1.28109872341156,1.2805572748184204,1.2808690071105957,1.2808690071105957,0,-1.2750300260266911e-05,0.0005414485931396484,-6.556510925292969e-05,0.00012814955210940492,-0.00029454853480484136,0.0,1.280732274055481,0.00020502641636705748,0.0,-1.275038154603622e-05
1.2809510231018066,1.281082272529602,1.2806228399276733,1.2808690071105957,1.2808690071105957,0,0.0,0.00045943260192871094,-8.20159912109375e-05,0.00010246248718986252,-0.000256202749531055,0.0,1.2808744510014851,7.698824328602063e-06,0.0,0.0
1.2809674739837646,1.2813777923583984,1.2809510231018066,1.2813777923583984,1.2813777923583984,0,0.0003972187983145581,0.0004267692565917969,0.00041031837463378906,0.0003203191204829839,-1.2842544632961004e-05,0.0,1.2810386021931965,0.00023984366592603927,0.0,0.0003971399278128969
1.281410574913025,1.2819691896438599,1.2813777923583984,1.2814927101135254,1.2814927101135254,0,8.968296142808363e-05,0.0005913972854614258,8.213520050048828e-05,0.000435937350425625,-2.5583177841879402e-05,0.0,1.281246503194173,0.00027102151507233817,0.0,8.967894015172323e-05
1.2815254926681519,1.2816734313964844,1.2806884050369263,1.2810001373291016,1.2810001373291016,0,-0.0003843742383677906,0.0009850263595581055,-0.000525355339050293,0.0001154395516740828,-0.0006531962384008134,0.0,1.2812902132670085,0.000210411596520365,0.0,-0.0003844481290804152
1.280983805656433,1.2812464237213135,1.2806557416915894,1.2807377576828003,1.2807377576828003,0,-0.00020482405790234193,0.0005906820297241211,-0.0002460479736328125,0.00020501279073219345,-0.0002561031321357224,0.0,1.2810768683751423,0.00031294731530446087,0.0,-0.0002048450372144505
1.2806720733642578,1.2808525562286377,1.2805081605911255,1.2808361053466797,1.2808361053466797,0,7.678985279335748e-05,0.00034439563751220703,0.000164031982421875,0.00014092824239210892,-0.00012798965210643974,0.0,1.280858000119527,0.00010822909500031732,0.0,7.678690460353788e-05
1.2808853387832642,1.281312108039856,1.2806884050369263,1.2808033227920532,1.2808033227920532,0,-2.559465218821e-05,0.0006237030029296875,-8.20159912109375e-05,0.00033318302869887837,-0.00015374814620406344,0.0,1.2807923952738445,4.0887029225517056e-05,0.0,-2.5594979736909324e-05
1.2808690071105957,1.28109872341156,1.2807868719100952,1.2810165882110596,1.2810165882110596,0,0.00016650910815996234,0.00031185150146484375,0.0001475811004638672,0.00017934410130084503,-6.412459044954967e-05,0.0,1.2808853387832642,9.376738307986396e-05,0.0,0.00016649524705705747
1.2810001373291016,1.2811970710754395,1.2806228399276733,1.281049370765686,1.281049370765686,0,2.559104614885399e-05,0.0005742311477661133,4.9233436584472656e-05,0.00015373436785767993,-0.0002945334590009425,0.0,1.2809564272562664,0.00010908530818728201,0.0,2.5590718703618927e-05
1.2810165882110596,1.2813613414764404,1.2801802158355713,1.2804096937179565,1.2804096937179565,0,-0.0004993383255378347,0.0011811256408691406,-0.0006068944931030273,0.0002691247471371995,-0.000652897381021643,0.0,1.2808252175649006,0.000294124377893014,0.0,-0.0004994630364365258
1.2805081605911255,1.2820676565170288,1.2802785634994507,1.2819855213165283,1.2819855213165283,0,0.0012307213904294567,0.001789093017578125,0.001477360725402832,0.0012178726960891874,-0.00017930154507474203,0.0,1.2811481952667236,0.0006471130074462093,0.0,0.001229964673667062
1.2820676565170288,1.2829724550247192,1.2814762592315674,1.2828242778778076,1.2828242778778076,0,0.0006542636771886823,0.0014961957931518555,0.0007566213607788086,0.0007057338223073814,-0.0004612839911023609,0.0,1.2817398309707642,0.0010009418816801867,0.0,0.0006540497400181654
1.2826597690582275,1.2839937210083008,1.2823965549468994,1.2837135791778564,1.2837135791778564,0,0.0006932370359562512,0.0015971660614013672,0.0010538101196289062,0.0010399889216550972,-0.00020520961027832482,0.0,1.2828411261240642,0.0007055772533067612,0.0,0.000692996858155928
1.2835816144943237,1.2835816144943237,1.28256094455719,1.2829558849334717,1.2829558849334717,0,-0.0005902362152078178,0.001020669937133789,-0.0006257295608520508,0.0,-0.000795173384853981,0.0,1.2831645806630452,0.00039190103446635994,0.0,-0.0005904104731749716
1.2830711603164673,1.2839442491531372,1.2825939655303955,1.2839113473892212,1.2839113473892212,0,0.0007447352375635763,0.0013502836227416992,0.0008401870727539062,0.0006804679768927049,-0.0003719160720236889,0.0,1.2835269371668498,0.0004117876121587184,0.0,0.0007444580598839946
1.283828854560852,1.2888091802597046,1.2836971282958984,1.2867363691329956,1.2867363691329956,0,0.0022003246170532176,0.005112051963806152,0.0029075145721435547,0.0038792754043186816,-0.00010260422523270964,0.0,1.2845345338185628,0.0016050516481823285,0.0,0.002197907447898163
1.2867032289505005,1.2884107828140259,1.2866369485855103,1.2878963947296143,1.2878963947296143,0,0.0009015254596405065,0.001773834228515625,0.0011931657791137695,0.001327076691117156,-5.151177326592703e-05,0.0,1.286181370417277,0.0016735527592779847,0.0,0.0009011193296360134
1.2879626750946045,1.2885932922363281,1.2866369485855103,1.288195013999939,1.288195013999939,0,0.00023186591060175843,0.001956343650817871,0.00023233890533447266,0.0004896237708731056,-0.0010293205965746328,0.0,1.2876092592875164,0.0006291509005776525,0.0,0.00023183903385596267
1.2880290746688843,1.2880290746688843,1.2845710515975952,1.285000205039978,1.285000205039978,0,-0.0024800662362765014,0.0034580230712890625,-0.00302886962890625,0.0,-0.002684739917208796,0.0,1.287030537923177,0.0014408289464984036,0.0,-0.002483146694759387
1.2850828170776367,1.2857271432876587,1.2845875024795532,1.284769058227539,1.284769058227539,0,-0.00017988075918773383,0.0011396408081054688,-0.00031375885009765625,0.0005013888610597199,-0.00038543399032435455,0.0,1.2859880924224854,0.0015633797467874049,0.0,-0.00017989693967189775
1.284769058227539,1.2849011421203613,1.2841750383377075,1.2843730449676514,1.2843730449676514,0,-0.00030823692192127883,0.0007261037826538086,-0.0003960132598876953,0.00010280749834097647,-0.00046235538288184636,0.0,1.2847141027450562,0.00025896913312984494,0.0,-0.0003082844366854172
1.2844555377960205,1.2857435941696167,1.284059762954712,1.2856279611587524,1.2856279611587524,0,0.0009770651883562742,0.0016838312149047852,0.0011724233627319336,0.0010028033946635083,-0.00030812654051669107,0.0,1.2849233547846477,0.0005238060915537206,0.0,0.0009765881708579671
1.2857933044433594,1.2858924865722656,1.2849175930023193,1.2851157188415527,1.2851157188415527,0,-0.0003984374427715709,0.0009748935699462891,-0.0006775856018066406,7.71369150574225e-05,-0.0006810670408795981,0.0,1.285038908322652,0.0005151883497206533,0.0,-0.0003985168400600742
1.2851818799972534,1.2859750986099243,1.2851818799972534,1.2857767343521118,1.2857767343521118,0,0.0005143626374402022,0.0007932186126708984,0.0005948543548583984,0.0006172033896654329,0.0,0.0,1.285506804784139,0.00028313074321671835,0.0,0.0005142303983227693
1.2858924865722656,1.2858924865722656,1.2858924865722656,1.2858924865722656,1.2858924865722656,0,9.002513193867578e-05,0.0,0.0,0.0,0.0,0.0,1.2855949799219768,0.0003421676309687403,0.0,9.00210799196727e-05
